ef bb bf 27 75 73 65 20  63 6c 69 65 6e 74 27 3b
0a 0a 69 6d 70 6f 72 74  20 7b 20 75 73 65 53 74
61 74 65 2c 20 75 73 65  45 66 66 65 63 74 20 7d
20 66 72 6f 6d 20 27 72  65 61 63 74 27 3b 0a 69
6d 70 6f 72 74 20 7b 20  42 75 74 74 6f 6e 20 7d
20 66 72 6f 6d 20 27 40  2f 63 6f 6d 70 6f 6e 65
6e 74 73 2f 75 69 2f 62  75 74 74 6f 6e 27 3b 0a
69 6d 70 6f 72 74 20 7b  20 43 61 72 64 2c 20 43
61 72 64 48 65 61 64 65  72 2c 20 43 61 72 64 54
69 74 6c 65 2c 20 43 61  72 64 43 6f 6e 74 65 6e
74 20 7d 20 66 72 6f 6d  20 27 40 2f 63 6f 6d 70
6f 6e 65 6e 74 73 2f 75  69 2f 63 61 72 64 27 3b
0a 0a 65 78 70 6f 72 74  20 64 65 66 61 75 6c 74
20 66 75 6e 63 74 69 6f  6e 20 41 64 6d 69 6e 50
61 67 65 28 29 20 7b 0a  20 20 63 6f 6e 73 74 20
5b 61 75 74 68 65 64 2c  20 73 65 74 41 75 74 68
65 64 5d 20 3d 20 75 73  65 53 74 61 74 65 28 66
61 6c 73 65 29 3b 0a 20  20 63 6f 6e 73 74 20 5b
70 61 73 73 77 6f 72 64  2c 20 73 65 74 50 61 73
73 77 6f 72 64 5d 20 3d  20 75 73 65 53 74 61 74
65 28 27 27 29 3b 0a 20  20 63 6f 6e 73 74 20 5b
61 75 74 68 45 72 72 6f  72 2c 20 73 65 74 41 75
74 68 45 72 72 6f 72 5d  20 3d 20 75 73 65 53 74
61 74 65 28 27 27 29 3b  0a 20 20 63 6f 6e 73 74
20 5b 75 73 65 72 73 2c  20 73 65 74 55 73 65 72
73 5d 20 3d 20 75 73 65  53 74 61 74 65 3c 61 6e
79 5b 5d 3e 28 5b 5d 29  3b 0a 20 20 63 6f 6e 73
74 20 5b 73 74 61 74 73  2c 20 73 65 74 53 74 61
74 73 5d 20 3d 20 75 73  65 53 74 61 74 65 28 7b
20 74 6f 74 61 6c 55 73  65 72 73 3a 20 30 2c 20
74 6f 74 61 6c 43 72 65  64 69 74 73 3a 20 30 2c
20 74 6f 74 61 6c 4d 65  73 73 61 67 65 73 3a 20
30 20 7d 29 3b 0a 20 20  63 6f 6e 73 74 20 5b 74
65 73 74 4d 6f 64 65 6c  2c 20 73 65 74 54 65 73
74 4d 6f 64 65 6c 5d 20  3d 20 75 73 65 53 74 61
74 65 28 27 61 67 6e 65  73 2d 32 2e 30 2d 66 6c
61 73 68 27 29 3b 0a 20  20 63 6f 6e 73 74 20 5b
74 65 73 74 52 65 73 75  6c 74 2c 20 73 65 74 54
65 73 74 52 65 73 75 6c  74 5d 20 3d 20 75 73 65
53 74 61 74 65 3c 7b 6f  6b 3a 20 62 6f 6f 6c 65
61 6e 3b 20 6d 73 67 3a  20 73 74 72 69 6e 67 7d
20 7c 20 6e 75 6c 6c 3e  28 6e 75 6c 6c 29 3b 0a
20 20 63 6f 6e 73 74 20  5b 74 65 73 74 4c 6f 61
64 69 6e 67 2c 20 73 65  74 54 65 73 74 4c 6f 61
64 69 6e 67 5d 20 3d 20  75 73 65 53 74 61 74 65
28 66 61 6c 73 65 29 3b  0a 0a 20 20 75 73 65 45
66 66 65 63 74 28 28 29  20 3d 3e 20 7b 0a 20 20
20 20 63 6f 6e 73 74 20  74 6f 6b 65 6e 20 3d 20
6c 6f 63 61 6c 53 74 6f  72 61 67 65 2e 67 65 74
49 74 65 6d 28 27 61 64  6d 69 6e 5f 74 6f 6b 65
6e 27 29 3b 0a 20 20 20  20 69 66 20 28 74 6f 6b
65 6e 29 20 7b 0a 20 20  20 20 20 20 73 65 74 41
75 74 68 65 64 28 74 72  75 65 29 3b 0a 20 20 20
20 20 20 6c 6f 61 64 41  64 6d 69 6e 44 61 74 61
28 74 6f 6b 65 6e 29 3b  0a 20 20 20 20 7d 0a 20
20 7d 2c 20 5b 5d 29 3b  0a 0a 20 20 61 73 79 6e
63 20 66 75 6e 63 74 69  6f 6e 20 68 61 6e 64 6c
65 4c 6f 67 69 6e 28 29  20 7b 0a 20 20 20 20 73
65 74 41 75 74 68 45 72  72 6f 72 28 27 27 29 3b
0a 20 20 20 20 74 72 79  20 7b 0a 20 20 20 20 20
20 63 6f 6e 73 74 20 72  65 73 20 3d 20 61 77 61
69 74 20 66 65 74 63 68  28 27 2f 61 70 69 2f 61
64 6d 69 6e 27 2c 20 7b  0a 20 20 20 20 20 20 20
20 6d 65 74 68 6f 64 3a  20 27 50 4f 53 54 27 2c
0a 20 20 20 20 20 20 20  20 68 65 61 64 65 72 73
3a 20 7b 20 27 43 6f 6e  74 65 6e 74 2d 54 79 70
65 27 3a 20 27 61 70 70  6c 69 63 61 74 69 6f 6e
2f 6a 73 6f 6e 27 20 7d  2c 0a 20 20 20 20 20 20
20 20 62 6f 64 79 3a 20  4a 53 4f 4e 2e 73 74 72
69 6e 67 69 66 79 28 7b  20 61 63 74 69 6f 6e 3a
20 27 6c 6f 67 69 6e 27  2c 20 70 61 73 73 77 6f
72 64 20 7d 29 2c 0a 20  20 20 20 20 20 7d 29 3b
0a 20 20 20 20 20 20 63  6f 6e 73 74 20 64 61 74
61 20 3d 20 61 77 61 69  74 20 72 65 73 2e 6a 73
6f 6e 28 29 3b 0a 20 20  20 20 20 20 69 66 20 28
64 61 74 61 2e 6f 6b 29  20 7b 0a 20 20 20 20 20
20 20 20 6c 6f 63 61 6c  53 74 6f 72 61 67 65 2e
73 65 74 49 74 65 6d 28  27 61 64 6d 69 6e 5f 74
6f 6b 65 6e 27 2c 20 64  61 74 61 2e 74 6f 6b 65
6e 29 3b 0a 20 20 20 20  20 20 20 20 73 65 74 41
75 74 68 65 64 28 74 72  75 65 29 3b 0a 20 20 20
20 20 20 20 20 6c 6f 61  64 41 64 6d 69 6e 44 61
74 61 28 64 61 74 61 2e  74 6f 6b 65 6e 29 3b 0a
20 20 20 20 20 20 7d 20  65 6c 73 65 20 7b 0a 20
20 20 20 20 20 20 20 73  65 74 41 75 74 68 45 72
72 6f 72 28 64 61 74 61  2e 65 72 72 6f 72 20 7c
7c 20 27 e5 af 86 e7 a0  81 e9 94 99 e8 af af 27
29 3b 0a 20 20 20 20 20  20 7d 0a 20 20 20 20 7d
20 63 61 74 63 68 28 65  3a 20 61 6e 79 29 20 7b
0a 20 20 20 20 20 20 73  65 74 41 75 74 68 45 72
72 6f 72 28 27 e7 99 bb  e5 bd 95 e5 a4 b1 e8 b4
a5 27 29 3b 0a 20 20 20  20 7d 0a 20 20 7d 0a 0a
20 20 61 73 79 6e 63 20  66 75 6e 63 74 69 6f 6e
20 6c 6f 61 64 41 64 6d  69 6e 44 61 74 61 28 74
6f 6b 65 6e 3a 20 73 74  72 69 6e 67 29 20 7b 0a
20 20 20 20 74 72 79 20  7b 0a 20 20 20 20 20 20
63 6f 6e 73 74 20 72 65  73 20 3d 20 61 77 61 69
74 20 66 65 74 63 68 28  27 2f 61 70 69 2f 61 64
6d 69 6e 3f 74 6f 6b 65  6e 3d 27 20 2b 20 74 6f
6b 65 6e 29 3b 0a 20 20  20 20 20 20 63 6f 6e 73
74 20 64 61 74 61 20 3d  20 61 77 61 69 74 20 72
65 73 2e 6a 73 6f 6e 28  29 3b 0a 20 20 20 20 20
20 69 66 20 28 64 61 74  61 2e 6f 6b 29 20 7b 0a
20 20 20 20 20 20 20 20  73 65 74 55 73 65 72 73
28 64 61 74 61 2e 75 73  65 72 73 20 7c 7c 20 5b
5d 29 3b 0a 20 20 20 20  20 20 20 20 73 65 74 53
74 61 74 73 28 64 61 74  61 2e 73 74 61 74 73 20
7c 7c 20 7b 20 74 6f 74  61 6c 55 73 65 72 73 3a
20 30 2c 20 74 6f 74 61  6c 43 72 65 64 69 74 73
3a 20 30 2c 20 74 6f 74  61 6c 4d 65 73 73 61 67
65 73 3a 20 30 20 7d 29  3b 0a 20 20 20 20 20 20
7d 0a 20 20 20 20 7d 20  63 61 74 63 68 28 65 29
20 7b 7d 0a 20 20 7d 0a  0a 20 20 61 73 79 6e 63
20 66 75 6e 63 74 69 6f  6e 20 68 61 6e 64 6c 65
54 65 73 74 43 6f 6e 6e  65 63 74 69 6f 6e 28 29
20 7b 0a 20 20 20 20 73  65 74 54 65 73 74 4c 6f
61 64 69 6e 67 28 74 72  75 65 29 3b 0a 20 20 20
20 73 65 74 54 65 73 74  52 65 73 75 6c 74 28 6e
75 6c 6c 29 3b 0a 20 20  20 20 74 72 79 20 7b 0a
20 20 20 20 20 20 63 6f  6e 73 74 20 72 65 73 20
3d 20 61 77 61 69 74 20  66 65 74 63 68 28 27 2f
61 70 69 2f 61 64 6d 69  6e 27 2c 20 7b 0a 20 20
20 20 20 20 20 20 6d 65  74 68 6f 64 3a 20 27 50
4f 53 54 27 2c 0a 20 20  20 20 20 20 20 20 68 65
61 64 65 72 73 3a 20 7b  20 27 43 6f 6e 74 65 6e
74 2d 54 79 70 65 27 3a  20 27 61 70 70 6c 69 63
61 74 69 6f 6e 2f 6a 73  6f 6e 27 20 7d 2c 0a 20
20 20 20 20 20 20 20 62  6f 64 79 3a 20 4a 53 4f
4e 2e 73 74 72 69 6e 67  69 66 79 28 7b 20 61 63
74 69 6f 6e 3a 20 27 74  65 73 74 27 2c 20 70 61
73 73 77 6f 72 64 3a 20  6c 6f 63 61 6c 53 74 6f
72 61 67 65 2e 67 65 74  49 74 65 6d 28 27 61 64
6d 69 6e 5f 74 6f 6b 65  6e 27 29 2c 20 6d 6f 64
65 6c 3a 20 74 65 73 74  4d 6f 64 65 6c 20 7d 29
2c 0a 20 20 20 20 20 20  7d 29 3b 0a 20 20 20 20
20 20 63 6f 6e 73 74 20  64 61 74 61 20 3d 20 61
77 61 69 74 20 72 65 73  2e 6a 73 6f 6e 28 29 3b
0a 20 20 20 20 20 20 73  65 74 54 65 73 74 52 65
73 75 6c 74 28 7b 20 6f  6b 3a 20 64 61 74 61 2e
6f 6b 2c 20 6d 73 67 3a  20 64 61 74 61 2e 6f 6b
20 3f 20 64 61 74 61 2e  6d 65 73 73 61 67 65 20
3a 20 64 61 74 61 2e 65  72 72 6f 72 20 7d 29 3b
0a 20 20 20 20 7d 20 63  61 74 63 68 28 65 3a 20
61 6e 79 29 20 7b 0a 20  20 20 20 20 20 73 65 74
54 65 73 74 52 65 73 75  6c 74 28 7b 20 6f 6b 3a
20 66 61 6c 73 65 2c 20  6d 73 67 3a 20 27 e8 af
b7 e6 b1 82 e5 a4 b1 e8  b4 a5 ef bc 9a 27 20 2b
20 65 2e 6d 65 73 73 61  67 65 20 7d 29 3b 0a 20
20 20 20 7d 0a 20 20 20  20 73 65 74 54 65 73 74
4c 6f 61 64 69 6e 67 28  66 61 6c 73 65 29 3b 0a
20 20 7d 0a 0a 20 20 66  75 6e 63 74 69 6f 6e 20
68 61 6e 64 6c 65 4c 6f  67 6f 75 74 28 29 20 7b
0a 20 20 20 20 6c 6f 63  61 6c 53 74 6f 72 61 67
65 2e 72 65 6d 6f 76 65  49 74 65 6d 28 27 61 64
6d 69 6e 5f 74 6f 6b 65  6e 27 29 3b 0a 20 20 20
20 73 65 74 41 75 74 68  65 64 28 66 61 6c 73 65
29 3b 0a 20 20 20 20 73  65 74 50 61 73 73 77 6f
72 64 28 27 27 29 3b 0a  20 20 7d 0a 0a 20 20 69
66 20 28 21 61 75 74 68  65 64 29 20 7b 0a 20 20
20 20 72 65 74 75 72 6e  20 28 0a 20 20 20 20 20
20 3c 64 69 76 20 63 6c  61 73 73 4e 61 6d 65 3d
22 6d 61 78 2d 77 2d 73  6d 20 6d 78 2d 61 75 74
6f 20 70 78 2d 34 20 70  79 2d 33 32 22 3e 0a 20
20 20 20 20 20 20 20 3c  43 61 72 64 3e 0a 20 20
20 20 20 20 20 20 20 20  3c 43 61 72 64 48 65 61
64 65 72 3e 3c 43 61 72  64 54 69 74 6c 65 3e e7
ae a1 e7 90 86 e5 91 98  e7 99 bb e5 bd 95 3c 2f
43 61 72 64 54 69 74 6c  65 3e 3c 2f 43 61 72 64
48 65 61 64 65 72 3e 0a  20 20 20 20 20 20 20 20
20 20 3c 43 61 72 64 43  6f 6e 74 65 6e 74 20 63
6c 61 73 73 4e 61 6d 65  3d 22 73 70 61 63 65 2d
79 2d 34 22 3e 0a 20 20  20 20 20 20 20 20 20 20
20 20 3c 70 20 63 6c 61  73 73 4e 61 6d 65 3d 22
74 65 78 74 2d 73 6d 20  74 65 78 74 2d 67 72 61
79 2d 35 30 30 22 3e e8  af b7 e8 be 93 e5 85 a5
e7 ae a1 e7 90 86 e5 91  98 e5 af 86 e7 a0 81 3c
2f 70 3e 0a 20 20 20 20  20 20 20 20 20 20 20 20
3c 69 6e 70 75 74 20 74  79 70 65 3d 22 70 61 73
73 77 6f 72 64 22 20 76  61 6c 75 65 3d 7b 70 61
73 73 77 6f 72 64 7d 20  6f 6e 43 68 61 6e 67 65
3d 7b 28 65 29 20 3d 3e  20 73 65 74 50 61 73 73
77 6f 72 64 28 65 2e 74  61 72 67 65 74 2e 76 61
6c 75 65 29 7d 0a 20 20  20 20 20 20 20 20 20 20
20 20 20 20 6f 6e 4b 65  79 44 6f 77 6e 3d 7b 28
65 29 20 3d 3e 20 7b 20  69 66 20 28 65 2e 6b 65
79 20 3d 3d 3d 20 27 45  6e 74 65 72 27 29 20 68
61 6e 64 6c 65 4c 6f 67  69 6e 28 29 3b 20 7d 7d
0a 20 20 20 20 20 20 20  20 20 20 20 20 20 20 70
6c 61 63 65 68 6f 6c 64  65 72 3d 22 e7 ae a1 e7
90 86 e5 91 98 e5 af 86  e7 a0 81 22 0a 20 20 20
20 20 20 20 20 20 20 20  20 20 20 63 6c 61 73 73
4e 61 6d 65 3d 22 77 2d  66 75 6c 6c 20 70 78 2d
33 20 70 79 2d 32 20 62  6f 72 64 65 72 20 62 6f
72 64 65 72 2d 67 72 61  79 2d 33 30 30 20 72 6f
75 6e 64 65 64 2d 6c 67  20 74 65 78 74 2d 73 6d
20 66 6f 63 75 73 3a 6f  75 74 6c 69 6e 65 2d 6e
6f 6e 65 20 66 6f 63 75  73 3a 72 69 6e 67 2d 32
20 66 6f 63 75 73 3a 72  69 6e 67 2d 62 6c 75 65
2d 35 30 30 22 20 2f 3e  0a 20 20 20 20 20 20 20
20 20 20 20 20 7b 61 75  74 68 45 72 72 6f 72 20
3f 20 3c 70 20 63 6c 61  73 73 4e 61 6d 65 3d 22
74 65 78 74 2d 73 6d 20  74 65 78 74 2d 72 65 64
2d 35 30 30 22 3e 7b 61  75 74 68 45 72 72 6f 72
7d 3c 2f 70 3e 20 3a 20  6e 75 6c 6c 7d 0a 20 20
20 20 20 20 20 20 20 20  20 20 3c 42 75 74 74 6f
6e 20 76 61 72 69 61 6e  74 3d 22 70 72 69 6d 61
72 79 22 20 63 6c 61 73  73 4e 61 6d 65 3d 22 77
2d 66 75 6c 6c 22 20 6f  6e 43 6c 69 63 6b 3d 7b
68 61 6e 64 6c 65 4c 6f  67 69 6e 7d 3e e7 99 bb
e5 bd 95 3c 2f 42 75 74  74 6f 6e 3e 0a 20 20 20
20 20 20 20 20 20 20 3c  2f 43 61 72 64 43 6f 6e
74 65 6e 74 3e 0a 20 20  20 20 20 20 20 20 3c 2f
43 61 72 64 3e 0a 20 20  20 20 20 20 3c 2f 64 69
76 3e 0a 20 20 20 20 29  3b 0a 20 20 7d 0a 0a 20
20 72 65 74 75 72 6e 20  28 0a 20 20 20 20 3c 64
69 76 20 63 6c 61 73 73  4e 61 6d 65 3d 22 6d 61
78 2d 77 2d 34 78 6c 20  6d 78 2d 61 75 74 6f 20
70 78 2d 34 20 70 79 2d  31 32 22 3e 0a 20 20 20
20 20 20 3c 64 69 76 20  63 6c 61 73 73 4e 61 6d
65 3d 22 66 6c 65 78 20  69 74 65 6d 73 2d 63 65
6e 74 65 72 20 6a 75 73  74 69 66 79 2d 62 65 74
77 65 65 6e 20 6d 62 2d  38 22 3e 0a 20 20 20 20
20 20 20 20 3c 64 69 76  3e 0a 20 20 20 20 20 20
20 20 20 20 3c 68 31 20  63 6c 61 73 73 4e 61 6d
65 3d 22 74 65 78 74 2d  33 78 6c 20 66 6f 6e 74
2d 62 6f 6c 64 20 74 65  78 74 2d 67 72 61 79 2d
39 30 30 22 3e e7 ae a1  e7 90 86 e5 90 8e e5 8f
b0 3c 2f 68 31 3e 0a 20  20 20 20 20 20 20 20 20
20 3c 70 20 63 6c 61 73  73 4e 61 6d 65 3d 22 74
65 78 74 2d 67 72 61 79  2d 35 30 30 20 74 65 78
74 2d 73 6d 22 3e e4 b8  ad e8 80 83 e6 8f 90 e5
88 86 41 49 e7 a7 81 e6  95 99 20 2d 20 e5 b9 b3
e5 8f b0 e7 ae a1 e7 90  86 3c 2f 70 3e 0a 20 20
20 20 20 20 20 20 3c 2f  64 69 76 3e 0a 20 20 20
20 20 20 20 20 3c 62 75  74 74 6f 6e 20 6f 6e 43
6c 69 63 6b 3d 7b 68 61  6e 64 6c 65 4c 6f 67 6f
75 74 7d 20 63 6c 61 73  73 4e 61 6d 65 3d 22 74
65 78 74 2d 73 6d 20 74  65 78 74 2d 67 72 61 79
2d 34 30 30 20 68 6f 76  65 72 3a 74 65 78 74 2d
72 65 64 2d 35 30 30 22  3e e9 80 80 e5 87 ba e7
ae a1 e7 90 86 3c 2f 62  75 74 74 6f 6e 3e 0a 20
20 20 20 20 20 3c 2f 64  69 76 3e 0a 0a 20 20 20
20 20 20 3c 64 69 76 20  63 6c 61 73 73 4e 61 6d
65 3d 22 67 72 69 64 20  67 72 69 64 2d 63 6f 6c
73 2d 33 20 67 61 70 2d  34 20 6d 62 2d 38 22 3e
0a 20 20 20 20 20 20 20  20 3c 43 61 72 64 3e 0a
20 20 20 20 20 20 20 20  20 20 3c 43 61 72 64 43
6f 6e 74 65 6e 74 20 63  6c 61 73 73 4e 61 6d 65
3d 22 70 2d 35 20 74 65  78 74 2d 63 65 6e 74 65
72 22 3e 0a 20 20 20 20  20 20 20 20 20 20 20 20
3c 64 69 76 20 63 6c 61  73 73 4e 61 6d 65 3d 22
74 65 78 74 2d 33 78 6c  20 66 6f 6e 74 2d 62 6f
6c 64 20 74 65 78 74 2d  62 6c 75 65 2d 36 30 30
22 3e 7b 73 74 61 74 73  2e 74 6f 74 61 6c 55 73
65 72 73 7d 3c 2f 64 69  76 3e 0a 20 20 20 20 20
20 20 20 20 20 20 20 3c  64 69 76 20 63 6c 61 73
73 4e 61 6d 65 3d 22 74  65 78 74 2d 73 6d 20 74
65 78 74 2d 67 72 61 79  2d 35 30 30 20 6d 74 2d
31 22 3e e6 b3 a8 e5 86  8c e7 94 a8 e6 88 b7 3c
2f 64 69 76 3e 0a 20 20  20 20 20 20 20 20 20 20
3c 2f 43 61 72 64 43 6f  6e 74 65 6e 74 3e 0a 20
20 20 20 20 20 20 20 3c  2f 43 61 72 64 3e 0a 20
20 20 20 20 20 20 20 3c  43 61 72 64 3e 0a 20 20
20 20 20 20 20 20 20 20  3c 43 61 72 64 43 6f 6e
74 65 6e 74 20 63 6c 61  73 73 4e 61 6d 65 3d 22
70 2d 35 20 74 65 78 74  2d 63 65 6e 74 65 72 22
3e 0a 20 20 20 20 20 20  20 20 20 20 20 20 3c 64
69 76 20 63 6c 61 73 73  4e 61 6d 65 3d 22 74 65
78 74 2d 33 78 6c 20 66  6f 6e 74 2d 62 6f 6c 64
20 74 65 78 74 2d 67 72  65 65 6e 2d 36 30 30 22
3e 7b 73 74 61 74 73 2e  74 6f 74 61 6c 43 72 65
64 69 74 73 7d 3c 2f 64  69 76 3e 0a 20 20 20 20
20 20 20 20 20 20 20 20  3c 64 69 76 20 63 6c 61
73 73 4e 61 6d 65 3d 22  74 65 78 74 2d 73 6d 20
74 65 78 74 2d 67 72 61  79 2d 35 30 30 20 6d 74
2d 31 22 3e e6 80 bb e5  8f 91 e6 94 be e7 a7 af
e5 88 86 3c 2f 64 69 76  3e 0a 20 20 20 20 20 20
20 20 20 20 3c 2f 43 61  72 64 43 6f 6e 74 65 6e
74 3e 0a 20 20 20 20 20  20 20 20 3c 2f 43 61 72
64 3e 0a 20 20 20 20 20  20 20 20 3c 43 61 72 64
3e 0a 20 20 20 20 20 20  20 20 20 20 3c 43 61 72
64 43 6f 6e 74 65 6e 74  20 63 6c 61 73 73 4e 61
6d 65 3d 22 70 2d 35 20  74 65 78 74 2d 63 65 6e
74 65 72 22 3e 0a 20 20  20 20 20 20 20 20 20 20
20 20 3c 64 69 76 20 63  6c 61 73 73 4e 61 6d 65
3d 22 74 65 78 74 2d 33  78 6c 20 66 6f 6e 74 2d
62 6f 6c 64 20 74 65 78  74 2d 70 75 72 70 6c 65
2d 36 30 30 22 3e 7b 73  74 61 74 73 2e 74 6f 74
61 6c 4d 65 73 73 61 67  65 73 7d 3c 2f 64 69 76
3e 0a 20 20 20 20 20 20  20 20 20 20 20 20 3c 64
69 76 20 63 6c 61 73 73  4e 61 6d 65 3d 22 74 65
78 74 2d 73 6d 20 74 65  78 74 2d 67 72 61 79 2d
35 30 30 20 6d 74 2d 31  22 3e e7 b4 af e8 ae a1
e5 af b9 e8 af 9d 3c 2f  64 69 76 3e 0a 20 20 20
20 20 20 20 20 20 20 3c  2f 43 61 72 64 43 6f 6e
74 65 6e 74 3e 0a 20 20  20 20 20 20 20 20 3c 2f
43 61 72 64 3e 0a 20 20  20 20 20 20 3c 2f 64 69
76 3e 0a 0a 20 20 20 20  20 20 3c 43 61 72 64 20
63 6c 61 73 73 4e 61 6d  65 3d 22 6d 62 2d 38 22
3e 0a 20 20 20 20 20 20  20 20 3c 43 61 72 64 48
65 61 64 65 72 3e 3c 43  61 72 64 54 69 74 6c 65
3e e8 bf 9e e6 8e a5 e6  b5 8b e8 af 95 3c 2f 43
61 72 64 54 69 74 6c 65  3e 3c 2f 43 61 72 64 48
65 61 64 65 72 3e 0a 20  20 20 20 20 20 20 20 3c
43 61 72 64 43 6f 6e 74  65 6e 74 20 63 6c 61 73
73 4e 61 6d 65 3d 22 73  70 61 63 65 2d 79 2d 34
22 3e 0a 20 20 20 20 20  20 20 20 20 20 3c 70 20
63 6c 61 73 73 4e 61 6d  65 3d 22 74 65 78 74 2d
73 6d 20 74 65 78 74 2d  67 72 61 79 2d 35 30 30
22 3e e6 b5 8b e8 af 95  e9 bb 98 e8 ae a4 41 49
e4 be 9b e5 ba 94 e5 95  86 e6 98 af e5 90 a6 e6
ad a3 e5 b8 b8 e5 93 8d  e5 ba 94 e3 80 82 3c 2f
70 3e 0a 20 20 20 20 20  20 20 20 20 20 3c 64 69
76 20 63 6c 61 73 73 4e  61 6d 65 3d 22 66 6c 65
78 20 67 61 70 2d 33 20  69 74 65 6d 73 2d 65 6e
64 22 3e 0a 20 20 20 20  20 20 20 20 20 20 20 20
3c 64 69 76 20 63 6c 61  73 73 4e 61 6d 65 3d 22
66 6c 65 78 2d 31 22 3e  0a 20 20 20 20 20 20 20
20 20 20 20 20 20 20 3c  6c 61 62 65 6c 20 63 6c
61 73 73 4e 61 6d 65 3d  22 62 6c 6f 63 6b 20 74
65 78 74 2d 73 6d 20 66  6f 6e 74 2d 6d 65 64 69
75 6d 20 74 65 78 74 2d  67 72 61 79 2d 37 30 30
20 6d 62 2d 31 22 3e e6  a8 a1 e5 9e 8b 3c 2f 6c
61 62 65 6c 3e 0a 20 20  20 20 20 20 20 20 20 20
20 20 20 20 3c 69 6e 70  75 74 20 74 79 70 65 3d
22 74 65 78 74 22 20 76  61 6c 75 65 3d 7b 74 65
73 74 4d 6f 64 65 6c 7d  20 6f 6e 43 68 61 6e 67
65 3d 7b 28 65 29 20 3d  3e 20 73 65 74 54 65 73
74 4d 6f 64 65 6c 28 65  2e 74 61 72 67 65 74 2e
76 61 6c 75 65 29 7d 0a  20 20 20 20 20 20 20 20
20 20 20 20 20 20 20 20  63 6c 61 73 73 4e 61 6d
65 3d 22 77 2d 66 75 6c  6c 20 70 78 2d 33 20 70
79 2d 32 20 62 6f 72 64  65 72 20 62 6f 72 64 65
72 2d 67 72 61 79 2d 33  30 30 20 72 6f 75 6e 64
65 64 2d 6c 67 20 74 65  78 74 2d 73 6d 22 20 2f
3e 0a 20 20 20 20 20 20  20 20 20 20 20 20 3c 2f
64 69 76 3e 0a 20 20 20  20 20 20 20 20 20 20 20
20 3c 42 75 74 74 6f 6e  20 76 61 72 69 61 6e 74
3d 22 70 72 69 6d 61 72  79 22 20 6f 6e 43 6c 69
63 6b 3d 7b 68 61 6e 64  6c 65 54 65 73 74 43 6f
6e 6e 65 63 74 69 6f 6e  7d 20 64 69 73 61 62 6c
65 64 3d 7b 74 65 73 74  4c 6f 61 64 69 6e 67 7d
3e 0a 20 20 20 20 20 20  20 20 20 20 20 20 20 20
7b 74 65 73 74 4c 6f 61  64 69 6e 67 20 3f 20 27
e6 b5 8b e8 af 95 e4 b8  ad 2e 2e 2e 27 20 3a 20
27 e6 b5 8b e8 af 95 e8  bf 9e e6 8e a5 27 7d 0a
20 20 20 20 20 20 20 20  20 20 20 20 3c 2f 42 75
74 74 6f 6e 3e 0a 20 20  20 20 20 20 20 20 20 20
3c 2f 64 69 76 3e 0a 20  20 20 20 20 20 20 20 20
20 7b 74 65 73 74 52 65  73 75 6c 74 20 3f 20 28
0a 20 20 20 20 20 20 20  20 20 20 20 20 3c 64 69
76 20 63 6c 61 73 73 4e  61 6d 65 3d 7b 22 70 2d
33 20 72 6f 75 6e 64 65  64 2d 6c 67 20 74 65 78
74 2d 73 6d 20 22 20 2b  20 28 74 65 73 74 52 65
73 75 6c 74 2e 6f 6b 20  3f 20 22 62 67 2d 67 72
65 65 6e 2d 35 30 20 74  65 78 74 2d 67 72 65 65
6e 2d 37 30 30 20 62 6f  72 64 65 72 20 62 6f 72
64 65 72 2d 67 72 65 65  6e 2d 32 30 30 22 20 3a
20 22 62 67 2d 72 65 64  2d 35 30 20 74 65 78 74
2d 72 65 64 2d 37 30 30  20 62 6f 72 64 65 72 20
62 6f 72 64 65 72 2d 72  65 64 2d 32 30 30 22 29
7d 3e 0a 20 20 20 20 20  20 20 20 20 20 20 20 20
20 7b 74 65 73 74 52 65  73 75 6c 74 2e 6f 6b 20
3f 20 27 5c 75 32 37 31  33 20 27 20 3a 20 27 5c
75 32 37 31 37 20 27 7d  7b 74 65 73 74 52 65 73
75 6c 74 2e 6d 73 67 7d  0a 20 20 20 20 20 20 20
20 20 20 20 20 3c 2f 64  69 76 3e 0a 20 20 20 20
20 20 20 20 20 20 29 20  3a 20 6e 75 6c 6c 7d 0a
20 20 20 20 20 20 20 20  3c 2f 43 61 72 64 43 6f
6e 74 65 6e 74 3e 0a 20  20 20 20 20 20 3c 2f 43
61 72 64 3e 0a 0a 20 20  20 20 20 20 3c 43 61 72
64 3e 0a 20 20 20 20 20  20 20 20 3c 43 61 72 64
48 65 61 64 65 72 3e 3c  43 61 72 64 54 69 74 6c
65 3e e7 94 a8 e6 88 b7  e7 ae a1 e7 90 86 3c 2f
43 61 72 64 54 69 74 6c  65 3e 3c 2f 43 61 72 64
48 65 61 64 65 72 3e 0a  20 20 20 20 20 20 20 20
3c 43 61 72 64 43 6f 6e  74 65 6e 74 3e 0a 20 20
20 20 20 20 20 20 20 20  7b 75 73 65 72 73 2e 6c
65 6e 67 74 68 20 3d 3d  3d 20 30 20 3f 20 28 0a
20 20 20 20 20 20 20 20  20 20 20 20 3c 70 20 63
6c 61 73 73 4e 61 6d 65  3d 22 74 65 78 74 2d 73
6d 20 74 65 78 74 2d 67  72 61 79 2d 35 30 30 22
3e e6 9a 82 e6 97 a0 e7  94 a8 e6 88 b7 e6 95 b0
e6 8d ae 3c 2f 70 3e 0a  20 20 20 20 20 20 20 20
20 20 29 20 3a 20 28 0a  20 20 20 20 20 20 20 20
20 20 20 20 3c 64 69 76  20 63 6c 61 73 73 4e 61
6d 65 3d 22 6f 76 65 72  66 6c 6f 77 2d 78 2d 61
75 74 6f 22 3e 0a 20 20  20 20 20 20 20 20 20 20
20 20 20 20 3c 74 61 62  6c 65 20 63 6c 61 73 73
4e 61 6d 65 3d 22 77 2d  66 75 6c 6c 20 74 65 78
74 2d 73 6d 22 3e 0a 20  20 20 20 20 20 20 20 20
20 20 20 20 20 20 20 3c  74 68 65 61 64 3e 0a 20
20 20 20 20 20 20 20 20  20 20 20 20 20 20 20 20
20 3c 74 72 20 63 6c 61  73 73 4e 61 6d 65 3d 22
62 6f 72 64 65 72 2d 62  20 62 6f 72 64 65 72 2d
67 72 61 79 2d 32 30 30  22 3e 0a 20 20 20 20 20
20 20 20 20 20 20 20 20  20 20 20 20 20 20 20 3c
74 68 20 63 6c 61 73 73  4e 61 6d 65 3d 22 74 65
78 74 2d 6c 65 66 74 20  70 79 2d 32 20 66 6f 6e
74 2d 6d 65 64 69 75 6d  20 74 65 78 74 2d 67 72
61 79 2d 36 30 30 22 3e  e9 82 ae e7 ae b1 3c 2f
74 68 3e 0a 20 20 20 20  20 20 20 20 20 20 20 20
20 20 20 20 20 20 20 20  3c 74 68 20 63 6c 61 73
73 4e 61 6d 65 3d 22 74  65 78 74 2d 6c 65 66 74
20 70 79 2d 32 20 66 6f  6e 74 2d 6d 65 64 69 75
6d 20 74 65 78 74 2d 67  72 61 79 2d 36 30 30 22
3e e7 a7 af e5 88 86 e4  bd 99 e9 a2 9d 3c 2f 74
68 3e 0a 20 20 20 20 20  20 20 20 20 20 20 20 20
20 20 20 20 20 20 20 3c  74 68 20 63 6c 61 73 73
4e 61 6d 65 3d 22 74 65  78 74 2d 6c 65 66 74 20
70 79 2d 32 20 66 6f 6e  74 2d 6d 65 64 69 75 6d
20 74 65 78 74 2d 67 72  61 79 2d 36 30 30 22 3e
e6 b3 a8 e5 86 8c e6 97  b6 e9 97 b4 3c 2f 74 68
3e 0a 20 20 20 20 20 20  20 20 20 20 20 20 20 20
20 20 20 20 3c 2f 74 72  3e 0a 20 20 20 20 20 20
20 20 20 20 20 20 20 20  20 20 3c 2f 74 68 65 61
64 3e 0a 20 20 20 20 20  20 20 20 20 20 20 20 20
20 20 20 3c 74 62 6f 64  79 3e 0a 20 20 20 20 20
20 20 20 20 20 20 20 20  20 20 20 20 20 7b 75 73
65 72 73 2e 6d 61 70 28  28 75 2c 20 69 29 20 3d
3e 20 28 0a 20 20 20 20  20 20 20 20 20 20 20 20
20 20 20 20 20 20 20 20  3c 74 72 20 6b 65 79 3d
7b 69 7d 20 63 6c 61 73  73 4e 61 6d 65 3d 22 62
6f 72 64 65 72 2d 62 20  62 6f 72 64 65 72 2d 67
72 61 79 2d 31 30 30 22  3e 0a 20 20 20 20 20 20
20 20 20 20 20 20 20 20  20 20 20 20 20 20 20 20
3c 74 64 20 63 6c 61 73  73 4e 61 6d 65 3d 22 70
79 2d 32 22 3e 7b 75 2e  65 6d 61 69 6c 20 7c 7c
20 27 2d 27 7d 3c 2f 74  64 3e 0a 20 20 20 20 20
20 20 20 20 20 20 20 20  20 20 20 20 20 20 20 20
20 3c 74 64 20 63 6c 61  73 73 4e 61 6d 65 3d 22
70 79 2d 32 22 3e 7b 75  2e 63 72 65 64 69 74 73
20 3f 3f 20 27 2d 27 7d  3c 2f 74 64 3e 0a 20 20
20 20 20 20 20 20 20 20  20 20 20 20 20 20 20 20
20 20 20 20 3c 74 64 20  63 6c 61 73 73 4e 61 6d
65 3d 22 70 79 2d 32 20  74 65 78 74 2d 67 72 61
79 2d 34 30 30 22 3e 7b  75 2e 63 72 65 61 74 65
64 5f 61 74 20 3f 20 6e  65 77 20 44 61 74 65 28
75 2e 63 72 65 61 74 65  64 5f 61 74 29 2e 74 6f
4c 6f 63 61 6c 65 44 61  74 65 53 74 72 69 6e 67
28 29 20 3a 20 27 2d 27  7d 3c 2f 74 64 3e 0a 20
20 20 20 20 20 20 20 20  20 20 20 20 20 20 20 20
20 20 20 3c 2f 74 72 3e  0a 20 20 20 20 20 20 20
20 20 20 20 20 20 20 20  20 20 20 29 29 7d 0a 20
20 20 20 20 20 20 20 20  20 20 20 20 20 20 20 3c
2f 74 62 6f 64 79 3e 0a  20 20 20 20 20 20 20 20
20 20 20 20 20 20 3c 2f  74 61 62 6c 65 3e 0a 20
20 20 20 20 20 20 20 20  20 20 20 3c 2f 64 69 76
3e 0a 20 20 20 20 20 20  20 20 20 20 29 7d 0a 20
20 20 20 20 20 20 20 3c  2f 43 61 72 64 43 6f 6e
74 65 6e 74 3e 0a 20 20  20 20 20 20 3c 2f 43 61
72 64 3e 0a 20 20 20 20  3c 2f 64 69 76 3e 0a 20
20 29 3b 0a 7d 0d 0a
